453
353
390
356
377
374
380
391
395
404
406
405
402
430
420
445
430
430
412
361
366
319
354
305
343
312
356
310
354
306
348
308
352
316
366
319
350
307
347
323
354
311
349
331
342
306
337
339
346
328
333
330
341
329
329
470
674
659
338
337
371
330
362
331
363
337
382
351
403
368
415
391
442
403
445
400
435
369
378
312
337
307
323
305
334
296
328
314
324
316
333
331
335
341
338
339
350
348
371
335
365
354
374
341
381
342
376
346
383
337
477
673
673
380
394
362
388
357
399
365
408
375
427
395
441
420
460
447
471
463
466
454
436
422
388
357
359
353
367
355
379
359
398
366
403
369
399
365
398
366
395
365
405
365
404
362
392
371
421
378
405
367
411
363
405
378
400
443
673
673
475
364
402
372
378
376
389
395
400
408
403
426
421
445
437
466
445
474
430
443
383
392
328
351
342
309
344
319
361
320
356
304
354
322
344
329
344
307
332
309
330
316
320
321
330
349
337
331
326
334
328
331
352
558
604
381
327
357
385
347
376
352
389
361
401
381
421
398
446
428
483
444
478
435
449
387
377
323
336
324
338
311
336
333
341
344
347
333
342
343
345
351
348
360
349
352
368
337
381
360
400
358
386
351
390
352
396
357
404
547
614
428
377
373
396
361
394
367
404
381
413
396
437
429
452
441
461
465
465
462
430
397
382
371
343
348
337
350
340
369
339
368
339
376
345
384
348
382
341
339
381
345
376
338
367
337
390
355
374
336
368
340
372
372
382
659
610
389
370
392
367
380
395
393
387
392
413
403
438
427
453
442
466
447
470
434
439
378
387
338
361
325
352
322
359
328
374
339
377
343
364
338
365
348
368
335
354
363
342
363
359
367
365
375
382
357
369
351
360
359
372
346
516
652
492
319
411
375
397
362
396
369
412
383
422
403
450
412
471
449
489
444
472
427
428
366
381
344
357
342
351
332
348
338
347
346
352
360
349
361
356
368
356
357
387
347
370
350
387
362
397
359
392
356
389
353
388
358
466
634
570
340
403
376
405
366
404
370
410
400
419
407
430
437
447
447
458
459
460
446
413
387
364
365
352
339
358
342
368
347
372
349
385
353
387
359
394
356
388
360
397
353
394
353
379
354
400
371
402
371
399
370
370
399
394
618
659
486
373
418
404
400
400
408
415
433
422
445
454
487
463
495
474
493
461
473
415
420
372
394
356
392
357
395
360
395
365
403
370
398
377
401
380
406
377
407
374
399
384
396
388
393
391
415
420
395
400
405
390
397
371
540
669
543
339
417
392
404
382
427
391
433
402
440
418
459
435
469
455
492
451
483
445
448
390
380
337
327
353
330
342
337
356
345
356
354
357
363
359
366
354
361
351
367
346
369
350
380
359
382
343
380
350
379
353
383
380
643
560
408
328
404
364
400
370
392
372
402
396
385
423
413
447
452
454
445
430
400
374
355
334
336
325
333
319
338
317
347
328
340
321
367
329
372
334
371
325
323
360
322
352
317
356
330
349
316
344
312
345
318
350
338
578
410
335
369
333
350
346
352
359
362
375
377
395
392
433
417
438
417
437
401
414
360
361
319
342
300
337
302
336
319
358
318
348
314
349
317
351
320
345
336
353
325
324
343
326
354
354
356
343
348
352
352
348
355
376
576
670
483
352
377
383
360
383
364
394
374
412
388
428
409
429
466
437
470
427
442
380
383
338
352
319
347
320
346
328
347
336
352
347
359
344
354
353
353
352
350
360
350
347
364
357
387
353
377
351
378
349
376
357
405
589
571
361
374
381
408
372
409
374
413
397
433
414
445
439
469
465
468
466
445
431
394
379
360
355
359
351
359
351
369
353
379
360
385
364
385
360
391
365
396
353
395
358
397
357
403
418
373
406
374
408
373
404
385
450
643
641
404
414
412
421
404
420
418
424
433
440
456
456
471
474
491
504
484
498
463
447
398
416
383
417
384
420
385
420
381
415
383
426
386
427
383
427
387
429
387
427
398
420
389
429
421
421
404
394
404
395
410
430
670
671
456
408
422
418
399
421
400
429
408
447
417
457
432
480
449
490
450
490
450
465
397
403
342
365
342
377
342
373
346
374
339
375
356
372
353
369
358
366
357
362
362
355
358
348
368
366
374
345
365
344
362
341
374
344
558
653
519
320
399
342
370
336
385
349
384
367
407
371
406
395
437
408
431
407
418
385
371
331
311
311
298
309
316
315
316
319
339
316
332
317
339
316
343
314
352
320
348
311
338
311
357
335
350
307
352
319
350
326
362
368
644
582
356
336
368
338
359
337
342
374
366
376
387
393
411
419
425
418
419
401
404
357
354
314
328
300
324
297
331
303
335
301
340
310
351
321
357
358
321
342
312
346
311
350
327
368
327
343
334
349
341
358
338
389
630
525
327
346
391
369
372
368
385
400
384
418
417
439
425
466
450
477
437
458
396
401
352
369
326
364
334
364
335
368
340
370
349
366
356
377
360
365
363
376
354
366
355
349
358
370
384
367
361
355
377
365
391
359
404
593
659
436
395
395
411
378
412
379
414
382
417
404
448
420
459
438
481
440
465
427
442
384
376
344
353
347
353
337
351
348
361
365
363
372
366
373
361
377
360
381
360
358
378
355
392
374
392
353
387
354
389
351
385
386
667
663
449
358
418
370
401
373
397
376
401
384
411
406
441
454
442
460
441
445
413
377
374
348
350
326
349
332
360
341
364
336
371
343
379
347
380
347
377
342
379
346
382
347
370
343
387
365
387
349
378
355
379
359
378
377
636
670
481
350
398
377
376
386
381
396
390
410
403
427
419
448
436
464
444
462
427
436
381
384
338
359
327
357
315
358
332
363
336
366
343
369
347
368
348
365
339
354
352
357
340
352
356
366
379
351
357
356
366
355
370
357
413
656
635
370
371
378
390
361
393
370
403
382
417
390
436
415
456
434
467
432
453
414
423
374
372
340
350
334
345
335
346
340
349
349
348
354
353
367
359
369
357
372
356
373
353
349
378
364
378
351
380
350
389
357
389
382
663
621
427
356
419
370
402
374
405
378
411
402
431
419
449
442
464
456
467
455
446
415
386
366
350
348
340
345
335
352
339
368
348
369
344
379
349
380
344
346
380
341
377
337
381
406
347
377
348
384
356
383
355
438
670
666
383
392
376
389
380
389
384
395
401
406
417
434
433
461
451
458
443
444
402
400
350
366
330
359
323
354
329
365
333
372
339
372
332
374
342
375
343
372
348
373
344
369
353
387
359
367
356
367
362
365
361
396
660
667
425
363
393
369
386
367
391
376
409
388
424
404
444
422
464
436
471
431
448
395
401
342
360
314
345
311
343
327
353
332
356
335
356
343
352
342
353
348
352
336
350
348
346
372
358
355
341
363
338
359
335
354
506
664
447
338
363
396
352
391
363
403
369
412
391
432
410
455
438
476
450
464
432
436
386
375
345
347
332
336
341
342
341
349
355
348
361
344
365
345
367
350
355
380
351
383
362
398
350
377
344
382
353
390
347
468
657
578
338
407
376
395
368
399
376
409
399
423
417
434
431
454
461
460
458
449
438
400
381
351
355
338
358
340
360
338
370
346
377
349
383
352
384
350
387
348
384
345
375
340
383
363
400
347
373
346
381
353
382
357
507
672
345
395
383
382
384
382
388
388
400
399
423
421
445
441
464
452
478
443
452
393
394
343
363
326
358
325
362
325
368
334
373
341
375
344
372
346
375
349
367
347
371
354
369
351
363
359
376
384
368
361
364
375
367
381
365
435
671
660
379
389
386
400
370
406
375
411
388
432
402
452
426
471
454
497
463
495
448
451
387
385
340
363
337
355
335
355
345
361
355
364
365
366
369
366
375
365
378
365
382
363
385
364
388
363
395
379
412
364
402
369
404
370
410
370
511
662
532
339
426
408
432
404
441
418
449
433
461
452
478
477
498
501
512
510
502
487
448
421
392
394
386
373
394
373
398
375
403
373
404
373
405
371
409
373
407
369
405
368
402
364
399
364
394
363
391
362
387
362
395
384
382
366
372
359
377
372
363
475
670
610
359
398
382
386
370
391
373
402
383
416
395
433
414
459
435
479
447
477
424
428
358
366
313
340
308
336
304
337
317
343
323
338
335
323
335
333
343
338
341
341
336
346
340
349
339
342
337
358
337
360
336
357
334
372
353
371
332
367
336
370
339
366
364
666
654
443
339
395
352
377
356
384
364
392
381
399
399
422
424
442
450
458
458
442
423
380
359
326
331
310
327
308
331
313
340
317
347
320
349
320
351
321
353
322
352
351
315
353
326
353
329
361
338
362
339
364
347
357
351
364
363
357
367
377
374
361
367
374
365
378
367
371
542
666
480
362
392
414
381
405
389
427
401
441
413
458
435
483
462
508
483
516
481
496
437
430
381
391
363
381
367
383
373
387
382
391
392
394
397
399
407
399
404
396
413
400
410
395
426
401
427
399
427
400
431
399
433
399
431
395
436
413
450
400
433
402
435
405
432
382
575
673
665
404
449
427
431
420
423
424
424
442
443
454
455
477
475
500
490
510
482
489
428
412
353
376
335
361
325
360
326
357
333
370
336
369
335
369
337
365
340
364
336
361
340
354
342
357
345
354
348
352
351
349
355
348
356
344
356
345
372
360
361
340
364
339
363
339
355
447
673
604
361
357
389
344
377
340
380
360
396
374
407
391
426
414
448
438
460
441
439
402
373
330
325
317
308
311
306
313
309
317
310
331
315
337
317
340
316
342
313
346
315
349
318
349
319
351
314
349
322
354
325
353
