3352333
341
327
329
335
337
334
333
333
341
350
341
330
334
335
334
333
327
329
613
672
482
294
343
336
333
341
341
351
355
359
369
378
387
402
394
395
385
377
366
347
333
331
321
323
319
323
324
327
331
331
334
337
335
338
338
340
336
342
347
349
339
333
335
338
336
326
309
472
676
656
314
328
334
328
328
333
337
340
347
348
360
368
374
385
390
391
384
376
371
351
340
326
319
316
317
321
321
323
321
324
325
326
327
328
328
329
328
326
322
327
339
340
326
322
323
324
332
320
286
427
676
669
326
303
325
315
320
326
322
327
336
341
345
357
365
372
380
377
378
367
356
347
332
321
311
313
309
312
307
312
313
309
319
322
321
324
324
328
325
327
323
325
339
341
324
324
328
334
332
327
299
451
675
572
309
327
338
339
338
345
350
350
356
364
369
379
388
394
402
402
394
384
373
358
347
333
328
327
323
328
328
329
330
331
333
336
338
341
344
342
340
343
337
338
332
341
353
356
336
339
338
337
340
336
319
392
673
628
383
322
345
337
338
341
342
349
352
357
363
371
383
392
396
404
399
389
382
368
348
336
329
325
321
319
321
324
326
325
325
331
330
331
333
330
334
333
335
333
328
337
347
347
333
330
329
336
336
330
302
415
675
650
347
317
339
329
334
333
338
342
346
354
357
365
377
386
395
391
390
380
372
360
338
331
324
318
320
320
323
321
322
323
325
329
327
330
333
335
333
333
329
329
332
342
347
333
331
328
336
334
332
300
357
675
675
438
293
332
317
321
321
329
329
330
342
342
350
362
369
378
374
377
362
355
348
333
320
312
310
310
304
306
312
313
311
317
321
318
319
319
325
321
323
318
316
323
333
331
315
322
317
321
322
320
283
445
675
582
293
310
328
320
324
329
334
335
345
349
353
362
375
383
390
389
383
374
366
349
337
332
323
320
323
322
324
324
327
328
330
333
340
341
340
343
338
337
336
340
352
350
335
336
333
336
336
335
305
432
675
622
325
323
339
328
336
336
338
342
349
354
358
366
378
380
393
392
383
379
366
355
341
326
319
319
316
314
322
318
319
321
323
329
325
326
328
331
330
324
324
320
336
338
329
322
324
323
321
322
306
317
639
673
458
278
330
327
320
326
326
331
336
341
349
353
366
372
385
384
379
371
366
357
337
331
322
320
316
317
319
317
322
326
327
328
333
335
338
337
340
345
334
340
329
330
337
349
355
335
333
335
339
340
330
311
442
675
628
330
326
342
335
338
337
345
350
357
354
368
370
380
389
400
398
390
384
377
358
351
337
327
328
324
329
329
328
335
333
333
334
340
340
338
342
340
340
336
340
338
333
344
351
352
338
337
339
336
341
335
298
446
676
669
337
321
341
336
333
336
342
345
348
354
362
369
379
384
391
393
382
376
374
354
346
336
328
327
323
323
326
328
328
330
335
334
334
339
336
336
335
332
335
332
329
328
338
345
342
327
331
327
332
330
318
289
482
675
587
289
320
330
320
328
328
333
337
341
353
355
361
377
379
388
387
376
368
361
347
333
326
317
319
310
312
319
318
320
326
326
327
332
329
332
331
330
326
330
325
324
338
345
331
327
330
333
333
338
316
326
641
667
445
298
344
342
336
339
349
350
356
356
366
373
381
388
392
399
391
376
377
364
345
339
330
330
325
325
329
330
330
331
329
339
335
337
335
340
342
338
338
335
335
335
347
353
342
336
336
341
335
337
319
326
638
674
524
285
341
335
332
334
338
342
346
348
355
363
371
375
386
388
384
375
366
357
346
336
328
323
323
320
323
324
325
328
331
331
334
332
331
336
333
332
327
325
326
336
340
329
324
326
324
327
327
311
299
591
674
508
272
329
324
318
324
328
332
332
339
346
350
360
370
373
379
375
365
355
350
336
325
317
314
311
309
311
317
316
317
325
326
325
326
329
333
330
326
330
331
340
341
330
328
330
335
337
329
303
449
675
584
301
327
342
335
337
339
345
350
354
360
360
377
384
390
396
389
382
375
367
351
342
335
330
326
329
326
329
334
336
338
340
338
345
341
343
340
344
336
334
339
353
349
334
335
338
337
336
335
302
431
676
661
334
320
338
332
330
338
339
342
350
355
357
365
376
383
386
387
374
367
362
348
338
328
329
322
322
324
327
329
329
335
334
335
334
336
337
334
334
328
334
336
349
329
327
329
330
326
327
305
341
669
674
428
285
331
313
321
319
322
329
332
333
348
350
359
367
374
368
369
356
349
341
330
318
318
313
311
313
314
314
316
320
322
322
326
321
326
323
321
315
319
332
333
324
320
318
321
321
322
304
357
671
633
370
295
332
326
329
333
337
339
351
350
359
364
373
384
388
385
376
370
359
349
339
333
334
328
331
330
336
335
335
345
339
347
346
344
343
344
338
338
344
356
348
338
335
342
337
342
328
312
