375332
326
329
325
326
329
330
334
336
339
340
340
341
338
342
340
339
338
334
330
337
348
349
334
336
334
334
332
305
399
675
659
358
307
334
329
333
338
336
341
346
352
360
365
375
386
393
392
390
378
368
357
345
336
330
323
322
318
322
328
327
329
334
333
332
337
336
336
335
338
333
335
336
337
336
335
331
335
348
353
336
333
336
338
337
337
307
390
676
676
447
303
342
329
331
334
337
340
344
352
355
366
375
384
390
391
389
380
372
361
351
341
332
331
327
325
325
327
329
332
334
333
334
335
334
336
333
332
331
331
330
330
332
330
324
330
346
348
334
331
333
330
328
335
306
332
673
677
587
286
332
325
321
326
330
331
332
339
349
351
358
371
379
377
374
366
357
350
345
337
327
320
319
321
317
320
324
330
332
328
334
333
333
333
334
331
333
331
331
330
324
326
336
347
340
327
328
327
326
328
320
279
437
677
676
372
291
324
313
313
317
321
323
329
336
340
349
357
367
370
369
364
356
346
338
328
318
315
310
310
308
310
312
318
322
321
324
325
326
327
326
326
328
324
324
324
336
346
330
324
325
327
329
332
316
287
570
677
619
279
330
332
329
332
334
338
347
349
357
361
369
381
389
391
389
379
369
360
349
337
331
326
325
324
324
326
328
331
331
339
337
338
337
338
340
336
338
335
330
335
345
351
337
334
332
335
335
339
310
314
643
676
590
280
335
334
328
330
337
338
343
350
355
361
371
382
391
393
390
381
368
364
348
336
330
326
322
322
319
327
324
327
330
330
333
334
336
336
333
335
335
330
328
335
345
348
334
329
332
330
334
333
304
325
667
676
561
281
331
329
323
327
329
333
337
347
350
358
366
376
382
389
381
374
364
353
343
331
325
320
319
317
319
318
322
323
325
324
324
326
326
327
323
324
325
321
322
316
321
332
336
320
316
321
321
320
320
296
320
671
674
452
271
322
